3090
45 77 46 55 1 54 32 11 97 51 3 27 49 93 10 44 84 76 75 18 71 17 61 2 36 33 96 81 83 73 85 72 79 6 53 78 88 87 86 13 95 67 20 60 57 4 7 38 21 43 25 70 28 63 80 82 23 89 47 94 19 91 12 5 34 74 40 37 8 98 14 66 41 39 69 68 35 64 26 31 65 62 99 56 52 15 100 22 42 90 29 9 16 59 30 92 24 50 48 58
2307
49 5 25 34 89 91 13 19 68 30 55 80 47 60 16 1 24 10 11 62 96 64 88 73 93 78 79 14 92 59 67 40 97 38 28 95 74 32 35 20 69 84 7 100 52 76 99 31 71 22 45 57 18 15 86 12 43 23 56 72 90 2 75 42 54 58 26 81 39 3 9 46 4 66 87 63 50 41 85 98 51 44 77 37 6 82 61 21 65 53 29 36 83 8 33 17 94 48 70 27
2593
23 56 62 37 55 100 42 73 60 70 59 46 20 66 85 48 80 45 7 8 95 41 50 32 9 84 76 38 88 79 26 97 14 39 10 12 24 94 86 63 1 64 77 82 51 98 72 58 18 19 75 65 27 34 83 96 69 29 74 99 30 87 90 33 16 54 91 17 11 44 81 47 78 68 35 13 43 53 22 28 15 61 93 57 36 40 71 52 49 92 2 89 21 67 25 6 3 4 31 5
2802
50 74 86 18 70 39 30 61 14 62 92 55 20 100 67 33 1 88 37 38 45 24 78 47 34 79 59 12 35 84 97 95 48 31 52 46 40 71 2 6 91 36 23 54 27 76 63 65 94 60 9 3 83 51 19 90 21 17 93 58 75 85 98 73 41 57 4 96 29 15 7 82 81 69 64 8 5 32 43 16 53 26 28 25 66 77 42 87 10 56 99 44 22 13 89 80 11 68 72 49
3583
62 84 58 75 59 11 41 70 5 1 38 2 20 76 45 49 46 91 29 6 64 72 35 13 89 88 85 21 28 83 8 22 93 63 81 3 36 12 68 53 60 71 98 67 61 56 27 51 92 73 19 44 26 82 37 15 69 99 7 79 31 10 39 95 23 65 74 80 18 86 17 66 77 78 47 43 34 4 25 52 94 42 32 50 55 100 57 87 16 14 40 48 33 97 96 90 9 54 30 24
2856
85 37 10 91 88 90 39 4 45 23 89 63 40 29 70 98 25 17 64 54 61 24 34 93 79 66 38 87 11 72 99 47 71 43 73 42 13 21 2 52 36 100 77 28 30 1 12 18 14 50 7 74 27 82 92 96 9 84 15 41 56 67 53 6 75 46 32 83 3 31 60 35 80 62 49 76 16 20 22 69 95 59 19 86 58 33 65 44 94 78 68 26 57 48 5 8 55 51 81 97
3150
34 47 63 40 96 42 87 23 97 99 77 13 74 73 58 46 32 90 9 88 10 84 75 8 28 67 4 16 71 36 64 55 15 25 72 92 100 60 66 29 20 38 89 57 53 65 95 52 1 39 93 18 33 24 26 79 5 14 61 70 2 7 78 48 35 51 30 12 17 31 19 98 22 80 3 68 54 43 27 56 50 62 41 11 59 69 37 45 94 91 49 82 6 76 44 81 83 21 86 85
715
78 83 25 40 93 32 37 95 23 14 64 80 85 35 76 65 98 21 79 59 96 13 70 90 39 94 72 86 81 43 48 6 49 20 34 22 9 38 33 3 100 41 92 63 42 28 45 75 46 67 17 15 91 50 7 87 74 53 71 51 30 19 36 97 66 55 68 16 8 77 89 1 82 99 11 5 52 18 62 47 73 88 44 29 10 60 58 31 69 54 24 2 26 12 4 56 61 27 84 57
742
3 100 44 74 63 37 91 22 21 73 66 51 45 18 93 84 46 49 36 2 17 12 90 95 13 53 54 48 28 27 29 82 7 23 10 9 68 70 14 55 35 83 24 76 20 58 5 39 60 57 87 4 69 96 88 38 67 8 43 50 19 64 41 42 71 15 89 80 65 59 77 30 72 79 6 86 97 33 52 47 31 78 92 98 81 75 16 62 34 25 1 85 40 99 11 56 26 61 94 32
709
37 96 67 68 20 28 94 57 72 26 92 41 4 11 61 29 16 10 99 74 18 97 49 84 76 32 1 30 34 75 66 15 2 51 91 64 71 63 82 7 56 52 40 83 25 9 78 38 13 5 80 12 45 85 93 95 90 50 21 62 14 86 58 35 88 73 70 59 46 81 36 33 55 39 69 42 44 22 53 48 23 19 60 54 17 87 43 31 47 65 8 89 27 100 79 6 98 3 24 77
702
65 20 66 2 67 14 99 4 1 45 8 15 81 93 71 34 74 59 77 25 79 100 5 95 69 19 61 18 41 43 51 11 75 52 44 73 88 39 6 78 63 57 80 26 85 36 47 46 97 13 76 32 82 27 10 16 22 30 72 91 94 56 24 62 84 53 68 29 90 70 40 55 48 21 86 37 38 98 64 92 12 31 35 23 60 87 54 96 49 83 42 17 58 33 50 3 28 7 89 9
